0 0 1 0 5 0 1 1 2 1 3 1 4 1 5 1
Hc = 1 Hh = 1
1 0 1 1 0 2 1 2 1 3 2 3 3 3 4 3
Hc = 1 Hh = 1
1 0 0 1 1 1 0 2 1 2 1 3 2 3 3 3
Hc = 1 Hh = 1
2 0 2 1 0 2 1 2 2 2 2 3 3 3 4 3
Hc = 0 Hh = 1
1 0 2 0 1 1 0 2 1 2 1 3 2 3 3 3
Hc = 1 Hh = 2
0 0 0 1 0 2 1 2 3 2 1 3 2 3 3 3
Hc = 1 Hh = 1
1 0 1 1 0 2 1 2 2 2 2 3 3 3 4 3
Hc = 0 Hh = 1
1 0 0 1 1 1 1 2 2 2 2 3 3 3 4 3
Hc = 1 Hh = 1
1 0 2 0 3 0 0 1 1 1 3 1 3 2 4 2
Hc = 1 Hh = 1
2 0 2 1 0 2 1 2 2 2 3 2 3 3 4 3
Hc = 0 Hh = 1
1 0 1 1 0 2 1 2 2 2 3 2 3 3 4 3
Hc = 1 Hh = 1
4 0 1 1 4 1 0 2 1 2 2 2 3 2 4 2
Hc = 1 Hh = 1
2 0 2 1 2 2 0 3 1 3 2 3 3 3 4 3
Hc = 1 Hh = 1
2 0 2 1 0 2 1 2 2 2 3 2 4 2 2 3
Hc = 0 Hh = 1
1 0 0 1 1 1 2 1 3 1 4 1 1 2 4 2
Hc = 0 Hh = 1
3 0 3 1 0 2 1 2 2 2 3 2 4 2 3 3
Hc = 1 Hh = 1
3 0 0 1 1 1 2 1 3 1 4 1 1 2 4 2
Hc = 1 Hh = 1
2 0 2 1 0 2 1 2 2 2 3 2 4 2 3 3
Hc = 1 Hh = 1
2 0 0 1 1 1 2 1 3 1 4 1 0 2 4 2
Hc = 0 Hh = 1
2 0 0 1 1 1 2 1 3 1 4 1 3 2 3 3
Hc = 1 Hh = 1
